0.054096818 0.4190079
0.47310472 
0.15122557 0.80506045
0.956286 
0.24226469 0.62841284
0.87067753 
0.5502056 0.28133297
0.83153856 
0.02082628 0.69779706
0.71862334 
0.5360254 0.2987883
0.8348137 
0.19519025 0.74039584
0.9355861 
0.6399501 0.15462738
0.7945775 
0.6029102 0.45413065
1.0570409 
0.433361 0.59915876
1.0325198 
0.13759267 0.03194529
0.16953796 
0.62277377 0.39578414
1.0185579 
0.9617251 0.45817655
1.4199016 
0.21113735 0.380256
0.59139335 
0.70269 0.834676
1.537366 
0.94426566 0.027689159
0.9719548 
0.37075454 0.8392536
1.2100081 
0.41466874 0.37335032
0.78801906 
0.59061074 0.47240442
1.0630152 
0.8724529 0.4291079
1.3015609 
0.015695453 0.7057911
0.72148657 
0.7375129 0.4964744
1.2339873 
0.029263496 0.020270407
0.049533904 
0.4027323 0.33243197
0.7351643 
0.8258765 0.5781974
1.404074 
0.4387554 0.38682157
0.82557696 
0.025078833 0.58326596
0.6083448 
0.17213458 0.039265275
0.21139985 
0.17466515 0.3633058
0.53797096 
0.6159549 0.23675269
0.85270756 
0.94881964 0.6924669
1.6412866 
0.33168048 0.31567204
0.6473525 
0.8968929 0.6273867
1.5242796 
0.3298725 0.3078326
0.6377051 
0.12763321 0.6487104
0.77634364 
0.05313009 0.23066652
0.2837966 
0.9629275 0.6092836
1.5722111 
0.69527465 0.87719786
1.5724726 
0.021745324 0.03115648
0.052901804 
0.105214 0.40953314
0.51474714 
0.3218751 0.7560541
1.0779293 
0.7015114 0.65669274
1.3582041 
0.2526713 0.13211566
0.38478696 
0.72447395 0.78782296
1.5122969 
0.8804943 0.5605632
1.4410574 
0.7072358 0.91759205
1.6248279 
0.21954799 0.7797224
0.9992704 
0.8271316 0.9723797
1.7995113 
0.3197589 0.13380015
0.45355904 
0.26554722 0.6523607
0.9179079 
0.29116547 0.8664764
1.1576419 
0.46094018 0.7425074
1.2034476 
0.4676029 0.25425857
0.7218615 
0.17899996 0.10978657
0.28878653 
0.5935042 0.91437215
1.5078764 
0.2797653 0.057399154
0.33716446 
0.24423862 0.6025398
0.8467784 
0.45833862 0.95095176
1.4092903 
0.22606081 0.17628062
0.40234143 
0.7386792 0.17520362
0.9138828 
0.77553505 0.511411
1.286946 
0.16448152 0.09089291
0.25537443 
0.33497083 0.0984419
0.43341273 
0.65364134 0.1346147
0.78825605 
0.13029927 0.839868
0.9701673 
0.95018893 0.014433444
0.9646224 
0.8469142 0.45037526
1.2972894 
0.74737936 0.90162724
1.6490066 
0.2789024 0.5143255
0.7932279 
0.48601753 0.98455256
1.4705701 
0.82501566 0.06620556
0.8912212 
0.81187 0.94210905
1.753979 
0.2935449 0.87087476
1.1644197 
0.8545757 0.097789764
0.95236546 
0.3464294 0.9353518
1.2817812 
0.15786207 0.84509814
1.0029602 
0.51455635 0.17962247
0.6941788 
0.42775828 0.58356625
1.0113245 
0.5210221 0.33071965
0.85174173 
0.09317106 0.89224106
0.9854121 
0.3924781 0.6354412
1.0279193 
0.7035546 0.0929361
0.79649067 
0.7715468 0.7689827
1.5405295 
0.27401376 0.1455465
0.41956025 
0.9822765 0.6590358
1.6413124 
0.072185755 0.9771651
1.0493509 
0.77792627 0.8602349
1.6381612 
0.9074406 0.7086364
1.616077 
0.6138877 0.5680475
1.1819353 
0.5057436 0.71766615
1.2234098 
0.55174077 0.523241
1.0749817 
0.9479638 0.30593336
1.2538972 
0.09239638 0.54998916
0.64238554 
0.7211654 0.7362035
1.4573689 
0.95174086 0.61770606
1.5694469 
0.6277653 0.21973312
0.8474984 
0.8915007 0.39712524
1.288626 
0.4532944 0.7879115
1.2412059 
0.5771847 0.7764333
1.3536179 
0.88741225 0.92686653
1.8142788 
0.19552058 0.64798087
0.84350145 
0.09293854 0.01955551
0.11249405 
0.38302338 0.1079309
0.49095428 
0.532791 0.48466402
1.0174551 
0.31805402 0.620983
0.939037 
0.09425634 0.56159556
0.6558519 
0.54943645 0.4839778
1.0334142 
0.2340157 0.8301944
1.0642102 
0.9794909 0.32280952
1.3023005 
0.23645973 0.21499693
0.45145667 
0.10794431 0.32685024
0.43479455 
0.8033516 0.6772561
1.4806077 
0.16094375 0.36733937
0.5282831 
0.036740184 0.39236325
0.42910343 
0.577303 0.1673587
0.7446617 
0.5417356 0.6223573
1.1640929 
0.7687569 0.85067093
1.6194279 
0.35448796 0.9778525
1.3323405 
0.39461148 0.75753933
1.1521509 
0.827264 0.40392977
1.2311938 
0.14160681 0.59349203
0.73509884 
0.5012872 0.18146676
0.682754 
0.24053901 0.19078809
0.4313271 
0.5340568 0.9982786
1.5323354 
0.5113081 0.2841583
0.79546636 
0.97683567 0.7806912
1.7575269 
0.45230728 0.3074233
0.7597306 
0.31619668 0.38127744
0.6974741 
0.88879174 0.83415616
1.7229478 
0.28784996 0.36609012
0.6539401 
0.5940365 0.6451064
1.2391429 
0.26898175 0.33657706
0.6055588 
0.48832244 0.69219583
1.1805183 
0.17518276 0.3373497
0.5125325 
0.9112945 0.3312456
1.2425401 
0.9885162 0.6491039
1.6376201 
0.725875 0.95400196
1.679877 
0.9737915 0.43239224
1.4061837 
0.83516103 0.6084534
1.4436145 
0.59070694 0.3868804
0.97758734 
0.031689644 0.8519382
0.88362783 
0.7608624 0.51456594
1.2754283 
0.92084765 0.13432366
1.0551713 
0.8220196 0.7447096
1.5667292 
0.20237935 0.6119233
0.8143026 
0.40930855 0.19155121
0.60085976 
0.60689163 0.8032399
1.4101315 
0.99688756 0.10002291
1.0969105 
0.78456295 0.72466636
1.5092293 
0.6570233 0.5945037
1.2515271 
0.96316487 0.6006202
1.5637851 
0.1304583 0.51419735
0.64465564 
0.029849112 0.39406872
0.42391783 
0.8266855 0.30708957
1.133775 
0.15941995 0.91895217
1.0783721 
0.30039692 0.90190744
1.2023044 
0.29009807 0.29771143
0.5878095 
0.8865767 0.001449585
0.8880263 
0.73081833 0.84016323
1.5709815 
0.96775967 0.48658448
1.4543442 
0.33224064 0.8226658
1.1549065 
0.12978494 0.811763
0.94154793 
0.842865 0.12032038
0.96318537 
0.7144866 0.96181273
1.6762993 
0.94353354 0.6244373
1.5679708 
0.8673326 0.8559635
1.7232962 
0.665398 3.4558773E-4
0.6657436 
0.6138524 0.9865015
1.600354 
0.3709829 0.6976701
1.068653 
0.18018168 0.60229343
0.7824751 
0.6537602 0.5103816
1.1641418 
0.24025398 0.25592846
0.49618244 
0.5927702 0.14431381
0.73708403 
0.95573235 0.9697645
1.9254968 
0.0050053596 0.6356346
0.64063996 
0.1460023 0.41125828
0.5572606 
0.15486413 0.47827023
0.63313437 
0.1463455 0.15022707
0.29657257 
0.80796814 0.5679694
1.3759375 
0.48532307 0.47689813
0.9622212 
0.32260525 0.6151116
0.93771684 
0.43058383 0.14463162
0.57521546 
0.43825388 0.28022414
0.718478 
0.34956473 0.34805924
0.69762397 
0.5949022 0.66128004
1.2561822 
0.23228014 0.9171997
1.1494799 
0.56268054 0.8291609
1.3918414 
0.29264468 0.09015173
0.3827964 
0.2077772 0.23924935
0.44702655 
0.35820532 0.8886036
1.246809 
0.712432 0.11815971
0.83059174 
0.47205973 0.4571485
0.9292082 
0.114353836 0.3634494
0.47780323 
0.35202348 0.21288943
0.5649129 
0.76015824 0.33221275
1.092371 
0.80832267 0.087809086
0.89613175 
0.06997824 0.8163257
0.88630396 
0.030384004 0.91275585
0.94313985 
0.79348457 0.89546764
1.6889522 
0.57447565 0.29666692
0.87114257 
0.87401897 0.56472445
1.4387434 
0.5664163 0.48393965
1.0503559 
0.8158685 0.59551644
1.4113849 
0.86737263 0.24093533
1.108308 
0.52399033 0.0038660765
0.5278564 
0.916556 0.02183801
0.938394 
0.42546982 0.4688202
0.89429003 
0.48370898 0.51500136
0.99871033 
0.02299732 0.71948904
0.74248636 
0.348545 0.2721311
0.6206761 
0.123675406 0.14810598
0.27178138 
0.8263185 0.90092945
1.727248 
0.84810066 0.018316269
0.86641693 
0.32161367 0.26205254
0.5836662 
0.18714756 0.6352676
0.8224152 
0.6000447 0.08640808
0.6864528 
0.63505226 0.69281816
1.3278704 
0.994265 0.33008677
1.3243518 
0.100740075 0.88224703
0.9829871 
0.2215339 0.650828
0.8723619 
0.4639535 0.35831374
0.82226723 
0.19074678 0.4392556
0.6300024 
0.39335495 0.13756806
0.530923 
0.06358534 0.5156912
0.57927656 
0.2407394 0.22877508
0.4695145 
0.744211 0.63278955
1.3770006 
0.34478605 0.74764055
1.0924265 
0.8822346 0.3573038
1.2395384 
0.060994208 0.382268
0.44326222 
0.7527233 0.37086147
1.1235847 
0.43882608 0.9896472
1.4284732 
0.033533037 0.18771791
0.22125095 
0.11545515 0.40778303
0.5232382 
0.43370038 0.2731936
0.706894 
0.62638694 0.5567712
1.1831582 
0.3770277 0.42414224
0.80116993 
0.65066177 0.8222818
1.4729435 
0.9430167 0.48473173
1.4277484 
0.43211168 0.5167184
0.94883007 
0.08423275 0.28755075
0.3717835 
0.7335622 0.80010283
1.533665 
0.7369357 0.48021203
1.2171477 
0.6889324 0.9209319
1.6098642 
0.9229247 0.29797566
1.2209003 
0.085485995 0.56644285
0.65192884 
0.79818547 0.6283312
1.4265167 
0.21725523 0.7545944
0.9718496 
0.9718813 0.9669794
1.9388607 
0.048747897 0.2724477
0.3211956 
0.3219127 0.24736053
0.56927323 
0.07892865 0.58645594
0.6653846 
0.13572359 0.5270574
0.662781 
0.8282461 0.29151964
1.1197658 
0.26291162 0.20143014
0.46434176 
0.13088155 0.102723
0.23360455 
0.27580965 0.68323237
0.959042 
0.51077163 0.65476674
1.1655383 
0.4824409 0.31033957
0.79278046 
0.47928894 0.6906882
1.1699772 
0.2506675 0.92385674
1.1745243 
0.006346166 0.7780903
0.78443646 
0.10110366 0.9756364
1.07674 
0.09235436 0.37547612
0.46783048 
0.668244 0.8856502
1.5538943 
0.97875774 0.72422785
1.7029855 
0.06368083 0.46183562
0.52551645 
0.2682721 0.7072258
0.9754979 
0.69228494 0.6322553
1.3245403 
0.03656447 0.99013746
1.0267019 
0.8524713 0.21403599
1.0665073 
0.87465894 0.64622533
1.5208843 
0.81645197 0.47610134
1.2925533 
0.94119 0.2134319
1.1546218 
0.74760723 0.4418226
1.1894298 
0.27672368 0.099960625
0.3766843 
0.122318685 0.15012777
0.27244645 
0.35533237 0.25113928
0.60647166 
0.025977015 0.95422614
0.98020315 
0.653666 0.52873385
1.1823999 
0.17118055 0.7189217
0.89010227 
0.7027642 0.7998887
1.5026529 
0.014801264 0.8916456
0.9064469 
0.9662765 0.955454
1.9217305 
0.34464902 0.6080861
0.9527351 
0.039699256 0.09868854
0.1383878 
0.9715721 0.56801957
1.5395917 
0.18343318 0.7903967
0.97382987 
0.14529163 0.52615976
0.6714514 
0.44825482 0.2837867
0.73204154 
0.3489809 0.110167384
0.4591483 
0.5011674 0.113175094
0.6143425 
0.6961183 0.8551703
1.5512886 
0.35414004 0.6496708
1.0038109 
0.12162167 0.96110326
1.0827249 
0.1952005 0.44186044
0.63706094 
0.4365018 0.29390788
0.7304097 
0.3435517 0.4110877
0.7546394 
0.5006733 0.60025865
1.1009319 
0.43632525 0.5631346
0.99945986 
0.80216235 0.1522659
0.95442826 
0.5083607 0.5580327
1.0663934 
0.54342663 0.025931478
0.5693581 
0.8677361 0.6975535
1.5652896 
0.49813187 0.7155016
1.2136335 
0.08402407 0.04897654
0.13300061 
0.8764372 0.64391446
1.5203516 
0.99438787 0.13044465
1.1248325 
0.82615525 0.52402973
1.3501849 
0.16125911 0.8971721
1.0584311 
0.99424785 0.21113527
1.2053831 
0.46668762 0.45165825
0.91834587 
0.4117735 0.24736708
0.6591406 
0.5503671 0.67069936
1.2210665 
0.37004048 0.39427727
0.76431775 
0.1543032 0.71633583
0.870639 
0.5913736 0.07010555
0.6614792 
0.45619667 0.548981
1.0051777 
0.9202389 0.3207292
1.2409681 
0.500597 0.1640563
0.6646533 
0.6657782 0.15329969
0.8190779 
0.4820875 0.3568189
0.8389064 
0.2019999 0.22284752
0.42484742 
0.024170876 0.6151637
0.63933456 
0.20448738 0.7864099
0.9908973 
0.62273705 0.9315724
1.5543094 
0.09069383 0.90639645
0.9970903 
0.9912337 0.30077827
1.292012 
0.59347546 0.30295348
0.89642894 
0.32878476 0.7699208
1.0987055 
0.5838885 0.31016392
0.8940524 
0.22098124 0.6769346
0.89791584 
0.05948174 0.69727075
0.7567525 
0.4300089 0.14772224
0.57773113 
0.8090163 0.8661345
1.6751509 
0.7059029 0.7234893
1.4293921 
0.4750262 0.15032339
0.6253496 
0.6893841 0.8097998
1.4991839 
0.27381742 0.71823394
0.99205136 
0.22990733 0.33488327
0.5647906 
0.35091835 0.34919858
0.70011693 
0.026847899 0.886059
0.9129069 
0.89181566 0.11254096
1.0043566 
0.44938552 0.67254096
1.1219265 
0.5568175 0.5680012
1.1248187 
0.99947697 0.90615886
1.9056358 
0.3394987 0.43299645
0.77249515 
0.9658063 0.76763254
1.7334388 
0.47544062 0.967073
1.4425137 
0.9538751 0.6570296
1.6109047 
0.8575375 0.42402267
1.2815602 
0.76316535 0.23812193
1.0012872 
0.49230522 0.46298742
0.95529264 
0.37692624 0.1558513
0.53277755 
0.69529444 0.11509669
0.8103911 
0.009586751 0.7154673
0.725054 
0.9504302 0.82352436
1.7739546 
0.36266774 0.19567573
0.55834347 
0.016033292 0.8422076
0.8582409 
0.62960035 0.46403766
1.093638 
0.958211 0.3498385
1.3080494 
0.78589123 0.761698
1.5475893 
0.2296589 0.54725605
0.77691495 
0.24209785 0.72025293
0.9623508 
0.72872037 0.6222925
1.351013 
0.72717786 0.1132496
0.84042746 
0.40047693 0.22884238
0.6293193 
0.028693736 0.47865093
0.50734466 
0.44997853 0.30693263
0.75691116 
0.92942977 0.4799103
1.4093401 
0.5893806 0.016517103
0.6058977 
0.8481968 0.80853057
1.6567273 
0.038272798 0.9463447
0.9846175 
0.58255666 0.1297018
0.71225846 
0.73303306 0.84545535
1.5784883 
0.44512194 0.29751408
0.742636 
0.51039755 0.991634
1.5020316 
0.5308331 0.033150136
0.56398326 
0.93702924 0.11964536
1.0566746 
0.9136508 0.88731927
1.8009701 
0.12572426 0.07153165
0.19725591 
0.07653904 0.4690717
0.5456107 
0.8656849 0.0690673
0.9347522 
0.6731745 0.19222444
0.86539894 
0.89529955 0.64013726
1.5354369 
0.91385007 0.6962588
1.6101089 
0.24801499 0.72996914
0.97798413 
0.08752942 0.37215757
0.459687 
0.5327089 0.6965656
1.2292745 
0.3685462 0.24981207
0.61835825 
0.3876263 0.60723066
0.99485695 
0.51726323 0.77003425
1.2872975 
0.43023306 0.22777367
0.6580067 
0.041956246 0.51168513
0.5536414 
0.96366537 0.11393857
1.0776039 
0.032744467 0.8169147
0.84965914 
0.78386253 0.3901
1.1739626 
0.16166097 0.9520792
1.1137402 
0.340625 0.8256787
1.1663036 
0.23565662 0.15874636
0.39440298 
0.56202424 0.21555966
0.7775839 
0.42682523 0.841645
1.2684703 
0.06672692 0.43568498
0.5024119 
0.6373927 0.56490296
1.2022957 
0.6154158 0.8056921
1.4211079 
0.90263385 0.2940191
1.1966529 
0.23376405 0.051865637
0.2856297 
0.82509494 0.94142634
1.7665212 
0.8591285 0.5587695
1.4178979 
0.5661576 0.21404278
0.78020036 
0.895697 0.13786244
1.0335594 
0.20955801 0.6908231
0.9003811 
0.12328166 0.9654308
1.0887125 
0.4350741 0.09908199
0.5341561 
0.7989662 0.9676794
1.7666457 
0.49394375 0.73546314
1.2294068 
0.9646802 0.90331286
1.8679931 
0.8210243 0.6691862
1.4902105 
0.26439297 0.93705165
1.2014446 
0.1282295 0.7530728
0.8813023 
0.45954353 0.16300988
0.6225534 
0.1409837 0.9863957
1.1273794 
0.17870855 0.45460755
0.6333161 
0.9215405 0.5605092
1.4820497 
0.75614667 0.14569914
0.9018458 
0.89287984 0.06432611
0.95720595 
0.7031635 0.4220088
1.1251724 
0.67299163 0.12595087
0.7989425 
0.95625097 0.2870283
1.2432792 
0.85578996 0.9662295
1.8220195 
0.48733318 0.5046388
0.99197197 
0.15139204 0.38983083
0.5412229 
0.7154916 0.7823693
1.4978609 
0.31040293 0.043052256
0.3534552 
0.88815045 0.49303913
1.3811896 
0.005142033 0.93128735
0.9364294 
0.8054285 0.6152989
1.4207275 
0.09203249 0.2725793
0.3646118 
0.93736047 0.06017965
0.9975401 
0.21587747 0.52960074
0.7454782 
0.7637558 0.72417665
1.4879324 
0.5863194 0.62657577
1.2128952 
0.57500505 0.13077796
0.705783 
0.5228947 0.8390308
1.3619255 
0.67420423 0.38094658
1.0551507 
0.35686153 0.01490587
0.3717674 
0.97221094 0.89626944
1.8684804 
0.84011465 0.72066385
1.5607785 
0.063960314 0.5017978
0.5657581 
0.95436454 0.6339309
1.5882955 
0.6034669 0.23265928
0.8361262 
0.06332278 0.25632524
0.31964803 
0.8839641 0.6610774
1.5450416 
0.5985033 0.48105717
1.0795605 
0.09674227 0.9083732
1.0051155 
0.82264477 0.10730702
0.9299518 
0.5462385 0.03785503
0.5840935 
0.8465409 0.38812572
1.2346666 
0.78921044 0.5053537
1.2945641 
0.67369956 0.67460614
1.3483057 
0.032438636 0.38879943
0.42123806 
0.06684905 0.17340583
0.24025488 
0.34700716 0.41903472
0.7660419 
0.94059235 0.46756494
1.4081573 
0.15910363 0.41153127
0.5706349 
0.52082783 0.4152742
0.93610203 
0.76936597 0.6514568
1.4208227 
0.9248916 0.19424856
1.1191401 
0.1876275 0.53937757
0.72700506 
0.123324096 0.91023326
1.0335574 
0.5906387 0.3666708
0.9573095 
0.47695655 0.3495927
0.82654923 
0.10075772 0.29145926
0.39221698 
0.4994983 0.093740284
0.5932386 
0.11812115 0.33870924
0.45683038 
0.989462 0.49629688
1.4857589 
0.032469273 0.79130185
0.8237711 
0.7851923 0.57439184
1.3595841 
0.09926987 0.48978758
0.58905745 
0.71769017 0.008636355
0.7263265 
0.5343482 0.9626657
1.4970138 
0.7282009 0.46032578
1.1885266 
0.29880935 0.69003034
0.9888397 
0.9571392 0.78080934
1.7379485 
0.58916193 0.21305269
0.8022146 
0.039453566 0.34127587
0.38072944 
0.08439231 0.8699009
0.9542932 
0.01622212 0.2891332
0.3053553 
0.5410786 0.123351514
0.66443014 
0.6159614 0.6305323
1.2464937 
0.26889122 0.2826448
0.551536 
0.110307634 0.44134665
0.5516543 
0.40204018 0.77634233
1.1783825 
0.2114892 0.46813297
0.6796222 
0.13806194 0.44644094
0.5845029 
0.27308065 0.8464723
1.119553 
0.3150797 0.87729055
1.1923702 
0.3662613 0.53993
0.9061913 
0.8042353 0.89458615
1.6988214 
0.13217682 0.49513745
0.62731427 
0.30791646 0.74661505
1.0545316 
0.9236127 0.9767471
1.9003599 
0.76985633 0.36692357
1.1367799 
0.9282721 0.3529474
1.2812195 
0.8539467 0.5976265
1.4515731 
0.25934935 0.9636626
1.223012 
0.8591042 0.48685598
1.3459601 
0.4702847 0.038451076
0.5087358 
0.17279154 0.2515868
0.42437834 
0.42868078 0.81152433
1.240205 
0.48149145 0.28566885
0.7671603 
0.8140732 0.58243257
1.3965058 
0.6488495 0.5878504
1.2366998 
0.7959422 0.02112186
0.81706405 
0.5282531 0.15952176
0.68777484 
0.32799208 0.24670935
0.5747014 
0.22384095 0.5786054
0.80244637 
0.35392267 0.30501294
0.6589356 
0.07050288 0.9743477
1.0448506 
0.46589118 0.5183123
0.98420346 
0.12812209 0.71573925
0.84386134 
0.86247015 0.62282073
1.4852909 
0.42754543 0.07003367
0.4975791 
0.006623268 0.6888677
0.69549096 
0.85558337 0.0016133785
0.85719675 
0.14014202 0.032888353
0.17303038 
0.10439855 0.8576394
0.9620379 
0.73884976 0.8791975
1.6180472 
0.8582369 0.44603765
1.3042746 
0.32802522 0.5664984
0.8945236 
0.5594939 0.5520418
1.1115358 
0.5709111 0.9755985
1.5465096 
0.03913772 0.18849349
0.22763121 
0.71144915 0.39043516
1.1018844 
0.75668836 0.33727902
1.0939674 
0.8277563 0.70695806
1.5347143 
0.7560706 0.9476631
1.7037337 
0.7331664 0.23948681
0.9726532 
0.9801312 0.9229954
1.9031266 
0.060400248 0.010806382
0.07120663 
0.71347487 0.48957902
1.203054 
0.16067922 0.47255677
0.633236 
0.4461984 0.017778397
0.4639768 
0.038106322 0.91160405
0.94971037 
0.8163682 0.20121664
1.0175848 
0.9807395 0.13437128
1.1151108 
0.8336179 0.71880466
1.5524225 
0.71946704 0.36600703
1.085474 
0.78756964 0.6581101
1.4456797 
0.48565263 0.089344025
0.57499665 
0.97107416 0.1970998
1.168174 
0.90578216 0.9175455
1.8233277 
0.10831034 0.28257972
0.39089006 
0.18886727 0.634975
0.8238423 
0.57099384 0.34384727
0.9148411 
0.96861106 0.5471018
1.5157129 
0.6323608 0.80341667
1.4357774 
0.66143376 0.99923444
1.6606681 
0.07888055 0.23556483
0.31444538 
0.5131015 0.8057636
1.3188651 
0.04509163 0.24837899
0.29347062 
0.11626631 0.7797006
0.8959669 
0.41947764 0.37460017
0.7940778 
0.08967471 0.17307794
0.26275265 
0.1914239 0.6276101
0.819034 
0.58374506 0.6917926
1.2755377 
0.6642042 0.6662796
1.3304838 
0.098872244 0.5964235
0.69529575 
0.18041492 0.2990998
0.47951472 
0.82004666 0.9592577
1.7793044 
0.4187233 0.0051778555
0.42390114 
0.84764755 0.33616662
1.1838142 
0.08926362 0.24656415
0.33582777 
0.6686916 0.302144
0.97083557 
0.035164356 0.160357
0.19552135 
0.3101104 0.56646013
0.8765705 
0.035808623 0.14563006
0.18143868 
0.45615077 0.75581
1.2119608 
0.5904373 0.37305927
0.96349657 
0.5217113 0.6629897
1.184701 
0.36613256 0.14596683
0.5120994 
0.14395308 0.48909217
0.63304526 
0.9402387 0.71021754
1.6504562 
0.6930762 0.7466687
1.439745 
0.71267295 0.75501543
1.4676883 
0.38258785 0.38057137
0.7631592 
0.05776477 0.753283
0.8110478 
0.06818175 0.84622633
0.9144081 
0.7182816 0.07322419
0.7915058 
0.31659955 0.35895187
0.6755514 
0.2968107 0.64425033
0.941061 
0.2712856 0.99283046
1.264116 
0.29296136 0.90120703
1.1941683 
0.9756196 0.4168831
1.3925028 
0.18084902 0.85939425
1.0402433 
0.38800383 0.6663311
1.0543349 
0.37254912 0.91599774
1.2885468 
0.35268676 0.7671285
1.1198153 
0.81284386 0.33611506
1.1489589 
0.3081535 0.27540588
0.5835594 
0.2824037 0.19658345
0.47898716 
0.8190543 0.8258035
1.6448579 
0.024972677 0.73942196
0.76439464 
0.9214564 0.7728347
1.6942911 
0.9741942 0.8681558
1.84235 
0.3537876 0.5794755
0.9332631 
0.9430902 0.72196627
1.6650565 
0.6019238 0.0823254
0.6842492 
0.6001767 0.5300276
1.1302043 
0.17680466 0.4212408
0.59804547 
0.7276846 0.005170524
0.73285514 
0.042722344 0.74475795
0.7874803 
0.11688155 0.43392128
0.5508028 
0.7656156 0.72546047
1.491076 
0.8712382 0.9888811
1.8601193 
0.91054386 0.07940996
0.9899538 
0.86892897 0.087340236
0.9562692 
0.9088664 0.2716608
1.1805272 
0.5813208 0.38310456
0.9644254 
0.9769813 0.19967139
1.1766527 
0.39372265 0.0709964
0.46471906 
0.40389735 0.12517208
0.5290694 
0.45940733 0.047772348
0.5071797 
0.3541389 0.42295206
0.77709097 
0.009065986 0.37977082
0.3888368 
0.24087328 0.73540044
0.9762737 
0.897324 0.8251096
1.7224336 
0.21267974 0.9709307
1.1836104 
0.098281085 0.5234451
0.6217262 
0.63264954 0.8221984
1.4548479 
0.35639477 0.6540673
1.010462 
0.8927428 0.36898875
1.2617316 
0.39120144 0.9564476
1.3476491 
0.047384977 0.08661872
0.1340037 
0.968769 0.6674099
1.636179 
0.6316363 0.6226199
1.2542562 
0.9544471 0.14511609
1.0995631 
0.4800169 0.904408
1.3844249 
0.7060809 0.28943384
0.99551475 
0.2269414 0.0737977
0.3007391 
0.05068165 0.726488
0.77716964 
0.5590645 0.9389158
1.4979804 
0.6975 0.5759234
1.2734234 
0.8296374 0.8217334
1.6513708 
0.5040878 0.76438534
1.2684731 
0.7268276 0.0446651
0.7714927 
0.1473999 0.16783547
0.31523538 
0.71908474 0.73014766
1.4492323 
0.71808875 0.066569924
0.7846587 
0.6539006 0.92365205
1.5775527 
0.7022855 0.26633644
0.96862197 
0.3501801 0.33712757
0.68730766 
0.031380296 0.89100224
0.92238253 
0.25302202 0.7435102
0.9965322 
0.047281086 0.97919613
1.0264772 
0.18272412 0.4338346
0.61655873 
0.66962945 0.13974613
0.8093756 
0.14263195 0.32999814
0.47263008 
0.9743986 0.23717934
1.2115779 
0.8040178 0.6847742
1.488792 
0.15273225 0.3158173
0.46854955 
0.17711157 0.60583717
0.78294873 
0.15796816 0.2339558
0.39192396 
0.6379312 0.42503482
1.0629661 
0.6513146 0.1012826
0.7525972 
0.7085295 0.663747
1.3722765 
0.39702618 0.004182756
0.40120894 
0.097165704 0.6888461
0.7860118 
0.4511975 0.40417594
0.85537344 
0.5738232 0.23359823
0.80742145 
0.140122 0.32179886
0.46192086 
0.38015383 0.59900606
0.9791599 
0.3808375 0.1173017
0.4981392 
0.4116925 0.33191937
0.7436119 
0.6949167 0.5741978
1.2691145 
0.24002224 0.47816658
0.7181888 
0.78429306 0.6337572
1.4180503 
0.80508655 0.56656796
1.3716545 
0.64311326 0.64783615
1.2909493 
0.96026623 0.43066812
1.3909343 
0.38105536 0.37201196
0.7530673 
0.9180155 0.91019434
1.8282099 
0.6306696 0.14696014
0.77762973 
0.46026188 0.68755394
1.1478158 
0.14412212 0.1776396
0.32176173 
0.74951947 0.75319785
1.5027173 
0.8839114 0.45952106
1.3434324 
0.92346936 0.7075941
1.6310635 
0.14898133 0.4893059
0.63828725 
0.8629814 0.7001954
1.5631768 
0.51407504 0.28297943
0.79705447 
0.59215635 0.8835922
1.4757485 
0.19871145 0.58337563
0.7820871 
0.46556795 0.8835919
1.3491598 
0.91597575 0.22758305
1.1435587 
0.40469724 0.7159434
1.1206406 
0.9141933 0.044505954
0.9586992 
0.010438144 0.5336639
0.5441021 
0.3409086 0.025835931
0.36674452 
0.9649809 0.48435938
1.4493403 
0.89346796 0.84885544
1.7423234 
0.073458016 0.16663581
0.24009383 
0.029555917 0.6942574
0.7238133 
0.9281862 0.7738681
1.7020543 
0.49056488 0.09204149
0.5826064 
0.11651373 0.030551255
0.14706498 
0.12758791 0.71716464
0.84475255 
0.26316035 0.6926448
0.9558051 
0.74166125 0.4457416
1.1874028 
0.891114 0.3833096
1.2744236 
0.9748064 0.95209396
1.9269004 
0.008862734 0.2569235
0.26578623 
0.97522604 0.8848365
1.8600626 
0.6588275 0.76806027
1.4268878 
0.25809777 0.4926088
0.75070655 
0.08081275 0.21218556
0.2929983 
0.6828381 0.091255724
0.7740938 
0.10920054 0.6982159
0.80741644 
0.949123 0.16662598
1.115749 
0.40320677 0.51001453
0.9132213 
0.29865837 0.2111904
0.5098488 
0.84115213 0.06766778
0.9088199 
0.90958893 0.69702405
1.6066129 
0.14334631 0.76645553
0.90980184 
0.63807565 0.3190984
0.95717406 
0.540445 0.16135478
0.7017998 
0.5401063 0.80617994
1.3462863 
0.10724586 0.29040885
0.3976547 
0.8798324 0.024932742
0.9047651 
0.53368455 0.35715973
0.8908443 
0.8730578 0.7072143
1.5802721 
0.4187652 0.68953586
1.108301 
0.14097911 0.15028393
0.29126304 
0.22839516 0.48217618
0.71057135 
0.06555891 0.49210733
0.55766624 
0.44933748 0.6363483
1.0856857 
0.8902921 0.29463285
1.184925 
0.059080303 0.31470895
0.37378925 
0.33551311 0.9004803
1.2359934 
0.5913418 0.1085996
0.6999414 
0.6733301 0.4146704
1.0880005 
0.9507693 0.90794194
1.8587112 
0.0019228458 0.8327208
0.83464366 
0.8753945 0.30578947
1.181184 
0.881094 0.2476461
1.1287401 
0.98440856 0.25202852
1.2364371 
0.44003522 0.75726277
1.197298 
0.6203104 0.48754144
1.1078519 
0.5842925 0.5239673
1.1082598 
0.90255535 0.28842747
1.1909828 
0.44256276 0.85421443
1.2967772 
0.27421176 0.17980522
0.45401698 
0.7765062 0.43477768
1.2112839 
0.3291837 0.44363052
0.7728142 
0.69013524 0.3361609
1.0262961 
0.35623944 0.5512837
0.90752316 
0.72208136 0.7470011
1.4690825 
0.09401417 0.6589957
0.75300986 
0.7773021 0.8918506
1.6691527 
0.9405476 0.27517784
1.2157254 
0.4883737 0.29134578
0.7797195 
0.84963 0.35922223
1.2088523 
0.5148192 0.6096076
1.1244268 
0.43773788 0.86028945
1.2980273 
0.15700161 0.2880206
0.44502223 
0.24874443 0.9240732
1.1728177 
0.034617364 0.054694116
0.08931148 
0.52361935 0.2607156
0.78433496 
0.6550572 0.12042403
0.7754812 
0.3093353 0.006270647
0.31560594 
0.56076455 0.39848256
0.9592471 
0.94115275 0.5548152
1.4959679 
0.6247628 0.7188227
1.3435855 
0.23696429 0.47306103
0.7100253 
0.5778977 0.6271748
1.2050725 
0.5586671 0.6218233
1.1804905 
0.25884986 0.67404634
0.9328962 
0.8964502 0.8397667
1.7362169 
0.5280142 0.89394504
1.4219592 
0.5059132 0.038432598
0.5443458 
0.5689753 0.565481
1.1344564 
0.329167 0.81071043
1.1398774 
0.09717578 0.02075994
0.11793572 
0.42924213 0.86785907
1.2971013 
0.12578046 0.75815386
0.8839343 
0.19758874 0.9462207
1.1438094 
0.61559534 0.004766524
0.62036186 
0.9081782 0.6203523
1.5285306 
0.91173613 0.100456595
1.0121927 
0.8053059 0.53399515
1.3393011 
0.08773559 0.13901836
0.22675395 
0.8578775 0.42680746
1.2846849 
0.5617071 0.5370659
1.098773 
0.38858718 0.4589197
0.8475069 
0.8934686 0.018445611
0.9119142 
0.30544347 0.38607997
0.69152343 
0.9312077 0.64087456
1.5720823 
0.70466584 0.23751205
0.9421779 
0.25700444 0.2693559
0.52636033 
0.27279556 0.12180108
0.39459664 
0.6286092 0.46325642
1.0918655 
0.5522769 0.41147822
0.96375513 
0.16721416 0.3143856
0.48159975 
0.62476397 0.81593573
1.4406997 
0.87509924 0.9037453
1.7788446 
0.7515769 0.17944014
0.93101704 
0.5511349 0.86470556
1.4158404 
0.64831 0.3740213
1.0223312 
0.8149832 0.008216083
0.8231993 
0.28342754 0.4867143
0.77014184 
0.15186048 0.11741632
0.2692768 
0.8172489 0.92096937
1.7382183 
0.18895394 0.21891361
0.40786755 
0.7421259 0.79009044
1.5322163 
0.7426824 0.82845163
1.5711341 
0.6665771 0.52651
1.1930871 
0.104249 0.6201833
0.7244323 
0.99101704 0.36788052
1.3588976 
0.021263123 0.5299417
0.5512048 
0.9514842 0.91580117
1.8672854 
0.4881503 0.65051556
1.1386659 
0.92702395 0.3550772
1.2821012 
0.7707858 0.16587055
0.93665636 
0.29835433 0.9334229
1.2317772 
0.69507223 0.58452266
1.2795949 
0.5579846 0.64928335
1.207268 
0.64943856 0.33099395
0.9804325 
0.36854047 0.6979205
1.066461 
0.6525227 0.3277254
0.9802481 
0.17578375 0.45514214
0.6309259 
0.2752567 0.11536878
0.39062548 
0.15042055 0.70925605
0.8596766 
0.8775098 0.712535
1.5900447 
0.26862234 0.5133199
0.78194225 
0.11025971 0.2804755
0.3907352 
0.3712203 0.6529734
1.0241938 
0.672508 0.53557277
1.2080808 
0.9573652 0.9946622
1.9520274 
0.015982985 0.122799516
0.1387825 
0.17731589 0.28257698
0.45989287 
0.8188841 0.03447789
0.85336196 
0.16376317 0.6309652
0.79472834 
0.25192016 0.9168705
1.1687906 
0.17020404 0.55556965
0.7257737 
0.12572443 0.36661237
0.4923368 
0.42244387 0.9008738
1.3233176 
0.11905444 0.27213895
0.3911934 
0.60505635 0.14879107
0.7538474 
0.26329285 0.92257905
1.1858718 
0.23391944 0.9927399
1.2266593 
0.4125721 0.08670658
0.49927866 
0.059747696 0.5851417
0.6448894 
0.4128884 0.98422664
1.397115 
0.12245953 0.82584214
0.9483017 
0.34101528 0.035804033
0.3768193 
0.16447961 0.4664753
0.6309549 
0.39866006 0.31982404
0.7184841 
0.1105302 0.62719053
0.7377207 
0.5935451 0.69404864
1.2875937 
0.04559076 0.7263856
0.77197635 
0.13197637 0.79834324
0.9303196 
0.15060079 0.43320972
0.5838105 
0.7926505 0.45789224
1.2505428 
0.98187876 0.39180976
1.3736885 
0.39523494 2.9867887E-4
0.39553362 
0.16547227 0.413913
0.5793853 
0.6565517 0.40830535
1.064857 
0.39772958 0.07381612
0.4715457 
0.21953756 0.104348004
0.32388556 
0.7398819 0.101753
0.84163487 
0.8137122 0.13362539
0.94733757 
0.7245798 0.29563862
1.0202184 
0.3694448 0.036868036
0.40631282 
0.17899168 0.4481508
0.6271425 
0.36128592 0.3186298
0.6799157 
0.85071313 0.80996656
1.6606797 
0.7380634 0.9859755
1.7240388 
0.6034679 0.12778002
0.7312479 
0.939992 0.5982777
1.5382698 
0.8491189 0.2576921
1.106811 
0.7770082 0.9019733
1.6789815 
0.98621213 0.6639994
1.6502116 
0.3098213 0.77319604
1.0830173 
0.42411637 0.8767652
1.3008816 
0.43832082 0.532957
0.97127783 
0.5524051 0.7583991
1.3108042 
0.15414608 0.98887056
1.1430166 
0.049676538 0.48249966
0.5321762 
0.48921448 0.87732726
1.3665417 
0.76237595 0.6732474
1.4356234 
0.11421436 0.8916321
1.0058465 
0.08584845 0.60961884
0.6954673 
0.475555 0.67420924
1.1497643 
0.17591196 0.63769084
0.8136028 
0.8616787 0.091914415
0.95359313 
0.25442386 0.53152704
0.7859509 
0.05627638 0.6982902
0.7545666 
0.85697436 0.02688694
0.8838613 
0.35371977 0.48889077
0.84261054 
0.73095167 0.8537353
1.584687 
0.908468 0.17734247
1.0858104 
0.6193878 0.49781358
1.1172013 
0.28349084 0.1404792
0.42397004 
0.76743805 0.5160673
1.2835054 
0.9116612 0.6087071
1.5203683 
0.33692324 0.3563227
0.69324595 
0.13802391 0.39884043
0.53686434 
0.19854724 0.33221614
0.5307634 
0.8598794 0.6152721
1.4751515 
0.7452945 0.17707497
0.9223695 
0.20639992 0.9738746
1.1802745 
0.40384257 0.6454175
1.0492601 
0.52130765 0.25198728
0.7732949 
0.64894056 0.101312816
0.7502534 
0.34290254 0.4358552
0.77875775 
0.29958445 0.2854504
0.58503485 
0.46797532 0.35071248
0.8186878 
0.21206856 0.2969995
0.5090681 
0.2830369 0.42322195
0.70625883 
0.7158293 0.7748724
1.4907017 
0.7316338 0.074208856
0.80584264 
0.061281443 0.78167164
0.8429531 
0.834709 0.48268783
1.3173969 
0.078049004 0.6513408
0.7293898 
0.007052481 0.83933574
0.8463882 
0.2562188 0.18042427
0.43664306 
0.3225273 0.036197305
0.3587246 
0.6572175 0.8480664
1.5052838 
0.8202431 0.16502708
0.9852702 
0.7949878 0.019765854
0.81475365 
0.25009918 0.44290513
0.6930043 
0.77828753 0.3058939
1.0841814 
0.80666274 0.8023764
1.6090391 
0.21276635 0.8426534
1.0554197 
0.263362 0.50422984
0.76759183 
0.28420728 0.37819445
0.66240174 
0.003234446 0.71217006
0.7154045 
0.0048080087 0.7708354
0.7756434 
0.14739996 0.046167493
0.19356745 
0.24110347 0.13370538
0.37480885 
0.84806454 0.069463015
0.91752756 
0.059183657 0.1377033
0.19688696 
0.76986426 0.40543342
1.1752977 
0.33998275 0.3626442
0.70262694 
0.40302205 0.49530202
0.8983241 
0.019943595 0.4681704
0.488114 
0.59602636 0.7446345
1.3406608 
0.70128196 0.94787127
1.6491532 
0.16688854 0.1424579
0.30934644 
0.5179873 0.39166903
0.90965635 
0.6436592 0.12655538
0.77021456 
0.8208219 0.27556956
1.0963914 
0.7305723 0.09503502
0.8256073 
0.5047783 0.04017538
0.5449537 
0.52035475 0.1887765
0.70913124 
0.20919842 0.5288567
0.7380551 
0.44092202 0.78108686
1.222009 
0.5031432 0.10524392
0.6083871 
0.49155164 0.07722235
0.568774 
0.8713685 0.032937586
0.9043061 
0.18596315 0.7428713
0.92883444 
0.44974715 0.0063515306
0.45609868 
0.3644576 0.020874739
0.38533235 
0.14916825 0.30185395
0.4510222 
0.3919196 0.16113931
0.5530589 
0.94543755 0.55742294
1.5028605 
0.34121978 0.5597643
0.9009841 
0.6067236 0.074579895
0.6813035 
0.33117247 0.98785704
1.3190296 
0.15250003 0.10922927
0.2617293 
0.89410645 0.9744905
1.868597 
0.57719374 0.42215985
0.9993536 
0.8803461 0.40602052
1.2863667 
0.28197283 0.39242154
0.67439437 
0.14612907 0.9078995
1.0540285 
0.7090115 0.9577794
1.666791 
0.9390019 0.6057284
1.5447303 
0.5995174 0.18928128
0.7887987 
0.20244902 0.518185
0.72063404 
0.35076344 0.2881049
0.63886833 
0.82195777 0.5424374
1.3643951 
0.1449424 0.5218411
0.6667835 
0.37107396 0.75755906
1.128633 
0.8960773 0.106924176
1.0030015 
0.07204193 0.426332
0.49837393 
0.90833396 0.25984794
1.1681819 
0.23576719 0.5317704
0.7675376 
0.27336192 0.7510645
1.0244265 
0.30512774 0.18099844
0.48612618 
0.034841776 0.92411214
0.9589539 
0.09975344 0.5631353
0.66288877 
0.609972 0.61375964
1.2237316 
0.8955848 0.0051001906
0.900685 
0.7405264 0.98910624
1.7296326 
0.4057215 0.75337434
1.1590958 
0.7263444 0.5420846
1.268429 
0.53782296 0.47251004
1.0103331 
0.013271928 0.17324668
0.18651861 
0.35578632 0.72243303
1.0782194 
0.52288175 0.23276955
0.7556513 
0.97839147 0.31436294
1.2927544 
